,BR:MCF7,BR:MDA_MB_231,BR:HS578T,BR:BT_549,BR:T47D,CNS:SF_268,CNS:SF_295,CNS:SF_539,CNS:SNB_19,CNS:SNB_75,CNS:U251,CO:COLO205,CO:HCC_2998,CO:HCT_116,CO:HCT_15,CO:HT29,CO:KM12,CO:SW_620,LE:CCRF_CEM,LE:HL_60,LE:K_562,LE:MOLT_4,LE:RPMI_8226,LE:SR,ME:LOXIMVI,ME:MALME_3M,ME:M14,ME:SK_MEL_2,ME:SK_MEL_28,ME:SK_MEL_5,ME:UACC_257,ME:UACC_62,ME:MDA_MB_435,ME:MDA_N,LC:A549,LC:EKVX,LC:HOP_62,LC:HOP_92,LC:NCI_H226,LC:NCI_H23,LC:NCI_H322M,LC:NCI_H460,LC:NCI_H522,OV:IGROV1,OV:OVCAR_3,OV:OVCAR_4,OV:OVCAR_5,OV:OVCAR_8,OV:SK_OV_3,OV:NCI_ADR_RES,PR:PC_3,PR:DU_145,RE:786_0,RE:A498,RE:ACHN,RE:CAKI_1,RE:RXF_393,RE:SN12C,RE:TK_10,RE:UO_31
BR:MCF7,1.0,-0.0913794301820261,-0.2074432637514831,-0.10258978723017,0.4017749492043067,-0.1495668957637328,-0.11676260478262215,-0.1455199086006589,-0.12730513364812499,-0.14503685217797904,-0.13988383180355507,0.1087014152066583,0.1437260257205618,0.12224136745366537,0.20494375346636554,0.11380253310840611,0.09590363361252964,0.0756912549351597,0.06453395823116813,0.04577478401364822,0.05443862247747943,0.07230095367669186,0.052903131070240694,-0.030433810599614766,-0.12093541441191215,-0.03788678863046597,-0.11635366204840326,-0.08377917651424734,-0.17869774599856583,-0.03688074769339665,-0.0875070050341887,-0.12961964919763885,-0.07515383433944217,-0.07803131619868588,0.03409840104866686,0.01055247652899064,-0.12204545105846584,-0.1165773967116718,-0.13710843788760937,0.1503795058533513,0.12025728223682774,0.03232284248940316,0.0899833948314665,-0.0003178245304698939,0.047343777619527655,0.06646652331845249,-0.015266857094982739,-0.056448845009539804,-0.057650772730918835,-0.046384856975449536,-0.033093437601845146,0.06485049228646253,-0.1506149276095916,-0.09211701498220973,-0.07703265443059033,-0.0974722193794364,-0.17603230824062852,-0.12086611133264875,-0.08324735778885371,-0.16101589744559475
BR:MDA_MB_231,-0.0913794301820261,1.0,0.14060276508027347,0.110173433307431,-0.08106468693115615,0.2188668720519377,0.04042325562966496,0.04541152456603151,0.13214046884468292,0.058397610487935785,-0.010752670990790015,-0.12296309256631906,-0.12227487081770579,-0.06208205212283883,-0.043356105412107375,-0.048605236166242724,-0.12309390284764811,-0.10405064789955284,-0.034068421876615226,-0.06307867896312369,-0.04352201915612909,-0.061558764309839434,-0.12455989749723173,-0.018807163363826873,0.02179161386397055,-0.09400963156036965,-0.0785731013701088,-0.03248363996568186,-0.1258212372036051,-0.15332892682128288,-0.16978412321745995,-0.18575066849482855,-0.04487549982717189,-0.04594426905466689,-0.07708470137697479,-0.07316228513197197,0.18624355549933058,0.2584013674775301,0.13664821858469992,-0.09206798095260187,-0.06743256606383637,-0.0867668752705358,0.008660050785749938,-0.09146692530106434,-0.0907011979047839,-0.004956017144877316,0.028690561132191043,0.12898947837144378,0.05023520953259422,0.004837370490898413,0.061671974965840023,0.08264884549943749,0.10832114030144478,-0.015405377151194754,-0.032327416968068415,-0.009449628255712902,0.09903692972970884,0.15134608662316032,0.05311771648780971,0.04976526124062238
BR:HS578T,-0.2074432637514831,0.14060276508027347,1.0,0.2945365891135727,-0.13057633667440238,0.17711113554657543,0.17958552391245672,0.3686512303803045,0.11679578325993806,0.38630598001527916,0.11669390982972119,-0.20865543665941697,-0.22293775768025187,-0.1965578989611746,-0.27593454946983104,-0.20758640558472785,-0.15463628381788988,-0.23315224030217654,-0.1265330437682448,-0.16967815644034825,-0.12192041139252842,-0.16614024969603358,-0.12473362933190794,-0.16876511651157486,-0.0513376918005037,-0.061750230819563115,-0.013446754506379822,-0.08661404975558906,0.056068204765748204,-0.057561861140812326,-0.06567553124186051,0.04395289901681596,-0.05893120995668765,-0.035462708925860016,-0.04081611135325343,0.030824996982166643,0.10045075665627422,0.1708456069480873,0.20537284798164931,-0.12418560654881548,-0.07745877072565005,-0.13326676218479788,-0.04489735087568925,-0.007568384831050645,-0.022547837524479204,0.08864050974858312,-0.027390487788101416,0.04469197547193813,0.05063120524391585,0.08044625415762625,0.025308092178387104,-0.07083224252760559,0.07897692779498276,0.08578680627630537,0.019496182631029018,0.033539418584755364,0.35102498133189325,0.0609802367407177,-0.07142744444231477,0.16477651962556888
BR:BT_549,-0.10258978723017,0.110173433307431,0.2945365891135727,1.0,-0.07808567914211259,0.18112640972263278,0.06814805277803475,0.23165895216358603,0.08021458270139986,0.2509738095722143,0.109602186207435,-0.16142186718629595,-0.15467868316835212,-0.13591948206768223,-0.12473111033893622,-0.14339638761990747,-0.12233170279219593,-0.12957836471007908,-0.034641333282650816,-0.06241193311416938,-0.04921068019356975,-0.04937918859883489,-0.08663704421426406,-0.042262332366320585,0.022863529028971746,-0.16130161131889004,-0.057897751485192224,-0.0913990027371326,-0.11980710340957501,-0.1073978731368559,-0.13956647391302793,-0.0593623045369436,-0.05650346277080223,-0.0507933868502523,-0.09092921108740401,-0.030179515903417074,0.03739072124688512,0.060285446864875594,0.08854090304279602,0.009702777564239772,-0.13109362288836024,-0.09091241358436347,-0.017786108633608574,0.006790298247883416,0.028485282361022175,0.04830107548429241,-0.12108082314170449,0.15355953901535502,0.04087901356187921,0.0696550847853748,0.044527803701340164,-0.006466226795279422,0.08993839125482124,0.028824278936533644,-0.10381913457224716,0.04531369356765305,0.17518775177025273,0.06033217477613884,0.014994206406276467,0.02060254656040918
BR:T47D,0.4017749492043067,-0.08106468693115615,-0.13057633667440238,-0.07808567914211259,1.0,-0.10524142414462814,-0.08888939467871654,-0.05431984231481505,-0.12088011523465653,-0.022403394867527782,-0.06520628455066246,0.11757848600604222,0.0929098148799279,0.029176081109949695,0.11877338164881053,0.10922930933607408,0.062002137604895174,0.04012962580530903,-0.05022258810084486,-0.11154270427417244,-0.02995731347806081,-0.05405717546905066,-0.006967570207996141,-0.10173116502441673,-0.12847528382679002,-0.015186825779409156,-0.10519395492021814,-0.08460453970981306,-0.1572719079006526,-0.06403640780486791,-0.06504130027445143,-0.08795208446753366,-0.09716076595614412,-0.089739698532033,-0.017229061415653574,0.08979190514272334,-0.09536034618649444,-0.041235181262443285,-0.031060207765807583,0.04748108762352322,0.22530921449810062,-0.021424177478691638,0.06484405745903082,-0.034555723512887764,0.047696156828193725,0.0643465220310174,0.004558444048547011,-0.07895728343697077,-0.0018535783958068305,-0.021529896446790334,-0.0037641408161653784,0.09156185419804039,-0.14797590444127556,-0.08386103864771965,-0.06327865536671684,-0.03263479370797799,-0.15419143998398663,-0.06834516745049048,-0.07199376374325786,-0.06404737558799359
CNS:SF_268,-0.1495668957637328,0.2188668720519377,0.17711113554657543,0.18112640972263278,-0.10524142414462814,1.0,0.17748724388168546,0.16216639637383082,0.2618466288992354,0.17767113875349258,0.11247865556664624,-0.20797409236702552,-0.20736870797093954,-0.08281761359446269,-0.011949703190625856,-0.1689313858961296,-0.1797374758999536,-0.09885687429888954,-0.015769403718195473,-0.10733100010148394,-0.15302606305102448,-0.01342792344266222,-0.17037548153234897,0.02261107975522862,0.11375398572401664,-0.04869298408228718,0.0349894450070608,0.02065293391599449,-0.021984001505966765,-0.05388724271159681,0.017822553133271236,-0.05751019074893048,0.01619248371645361,-0.02668841067735848,-0.1404800720738622,-0.03286347228453081,0.13609977703338927,-0.030742946576532117,0.11991504077918265,-0.0096813608400361,-0.10250255489186345,-0.10646657873033456,0.04962334251947937,-0.15412751719802129,-0.08294218024310937,-0.10187538848447737,-0.07520289994399969,0.1366284388411332,0.08916949800971284,-0.0360829234167175,0.07818148396115263,-0.049664615315752426,0.07177579857073585,-0.12464847737087788,-0.10243225927475405,-0.06098924009988621,-0.022910819642610877,0.14690502076506995,-0.04138736212941501,0.03741987865799226
CNS:SF_295,-0.11676260478262215,0.04042325562966496,0.17958552391245672,0.06814805277803475,-0.08888939467871654,0.17748724388168546,1.0,0.22641608627609888,0.2480567033629049,0.24618463691526357,0.21610123143009483,-0.0076062639080000695,-0.05988075330176655,-0.07622342544663661,-0.11247202030126054,-0.14029379220986074,-0.09771147138567549,-0.16873047388870913,-0.11106479087956048,-0.09460080817912664,-0.04595940936555634,-0.10050519440705523,-0.05904730865116745,0.010112367137345674,0.1722437464252393,0.004573893596469902,0.00983153747340739,0.03237858296566292,-0.0036913446260728724,-0.07599358567862899,-0.06562688888890042,0.09836143121027617,0.029293158495796986,-0.001396086496542734,-0.0335157461022751,0.01011628376069478,0.14917481484534234,0.050518498949370334,0.08819550484413563,-0.043818739392987104,-0.12482615799750194,-0.033323439120858604,-0.09224667699432526,-0.18374675996564838,-0.08550283687256152,-0.12445658139379127,-0.1348767100627089,-0.12828478154078743,-0.055174117214791575,-0.14229846164656534,0.10721557072739202,-0.13676581658310025,0.056122151896016256,0.1729058827387648,-0.07975791906497763,0.06945176875512628,-0.05304981388379522,0.008816628149843039,-0.1241416079988235,-0.050764973673131396
CNS:SF_539,-0.1455199086006589,0.04541152456603151,0.3686512303803045,0.23165895216358603,-0.05431984231481505,0.16216639637383082,0.22641608627609888,1.0,0.17127801791365224,0.41440153684078734,0.1847196499319125,-0.14865671386247425,-0.17049892453732787,-0.14174919043192255,-0.1499118586330992,-0.11551979091160201,-0.1842701132469836,-0.1834003062529423,-0.11001484316976935,-0.14817975985350618,-0.1936672066187705,-0.14057974616412122,-0.16919707778361195,-0.07646538947086753,0.04098001775687705,0.042753382716707575,0.05007677620771145,0.012139164930384897,0.04696361298110953,-0.07987922626422457,-0.00828885868167984,0.032879588660442924,-0.034257844300701355,-0.058406848025540664,-0.13775787619449134,0.00685323278441936,0.11066142042355066,0.11728379300932555,0.17187961200891974,-0.020967065310833356,-0.07560506329210377,-0.10530966265926851,-0.030209330642057088,-0.12619115974581568,-0.012808287713577848,0.009734687680086552,-0.031698127006401136,-0.0015480321991053804,0.044506003607166736,-0.04917568416665776,-0.014813875773187622,-0.08768432417822394,0.10366677039941981,0.13643565994944845,-0.0443851411417178,0.06686677906880606,0.27209076016163136,0.003352181756100785,-0.005566201015245306,0.04910452078651955
CNS:SNB_19,-0.12730513364812499,0.13214046884468292,0.11679578325993806,0.08021458270139986,-0.12088011523465653,0.2618466288992354,0.2480567033629049,0.17127801791365224,1.0,0.26756878586234567,0.5338663250667206,-0.13173207632670994,-0.17041540184533419,-0.10763172276196689,-0.07965440214670143,-0.14277786463321396,-0.1157305713948317,-0.09265306209701663,-0.023818668077480457,-0.09804182681801137,-0.10467829700182835,-0.01468511449212686,-0.11503056964440811,-0.048677679466288995,-0.0720606582323532,-0.06804784958444828,0.007736258018897856,-0.011839386698905935,-0.036813792703369055,-0.09089655340222869,-0.061911647641314155,-0.03320729297863496,-0.02818008397918959,-0.054087268566552396,-0.04650847110162401,-0.017302862069963162,0.12227333550821391,0.06774386091972248,0.04125140067480458,-0.05057030710892909,-0.05492940994448513,-0.0010313510050023297,0.033976149036529235,-0.05609217541390388,0.026837653871212,-0.013872270770101568,-0.09566762254078046,-0.008155979188731208,0.04677464426571459,-0.11202155405656256,-0.005927383025041507,-0.1022910001412662,0.06415724009624334,0.025095118357757056,-0.1283060496361188,-0.06278633616554692,0.013112121996535843,0.07391397526243387,-0.08690597173057296,-0.04588067740397333
CNS:SNB_75,-0.14503685217797904,0.058397610487935785,0.38630598001527916,0.2509738095722143,-0.022403394867527782,0.17767113875349258,0.24618463691526357,0.41440153684078734,0.26756878586234567,1.0,0.22058972088724485,-0.2015631678266522,-0.21430338007310246,-0.20979904576744335,-0.18083745606101875,-0.17829399737088564,-0.1892520162521635,-0.169923371857298,-0.07944399564180463,-0.20206277522144703,-0.2065740730632395,-0.11481272225142528,-0.14922202992268555,-0.13361289557785178,-0.13618593000042184,0.09421555053752123,0.14192407805934273,0.007504670982729421,0.0766732074749725,-0.09387600795446452,0.0019144670165296004,0.0697234860002102,0.0037807761616261088,-0.013419351014193578,-0.1394298909869964,0.060373475936752165,-0.02125350086086947,0.16933277800719118,0.10803230735079607,-0.06401871103578435,-0.06984957796713433,-0.057217946771056336,-6.766077059985674e-05,-0.09167614765111697,-0.05187578383183367,0.027575746111818403,-0.02081726651959838,-0.09309529831181357,0.05953777663721451,-0.08540289448946886,0.012078207937657282,-0.09268297341920287,-0.008804086662757714,0.10740917263916223,-0.07014600412269813,-0.02650052138453169,0.2530919619146202,-0.07492093931141829,-0.09713842862561434,0.02358307271546413
CNS:U251,-0.13988383180355507,-0.010752670990790015,0.11669390982972119,0.109602186207435,-0.06520628455066246,0.11247865556664624,0.21610123143009483,0.1847196499319125,0.5338663250667206,0.22058972088724485,1.0,-0.0549220406661761,-0.14059673248290744,-0.13116208934916354,-0.20959125791536118,-0.1526639280485552,-0.0629983494627747,-0.07287170210495325,-0.09189402628683041,-0.14420330540694234,-0.030833641794350657,-0.09456949819688866,-0.07752446977765251,-0.13047190089686578,-0.10591539126183375,-0.11443724397942376,-0.05726831922949748,-0.05608715208699133,-0.0427388525250791,-0.11528908967910688,-0.10194026422810291,0.03675959532937002,-0.11931150157259503,-0.08049680293632065,0.09655548577558332,0.05227135278711871,0.0637754978921719,0.04111362133361464,0.12031578300067593,-0.14124979609789245,0.010511919392927482,0.0816251353486976,0.028755043484857967,0.0539436751207997,0.062292320071504446,-0.012194357640090277,-0.05510490613489049,-0.08228164735422631,-0.03768987577274204,0.01224050149568484,0.010795692863849014,-0.02642031816819697,0.035766412060643495,0.11931206792328954,0.020834748108786355,0.051182820201840305,0.1323703382089005,-0.03058354493293881,-0.11782441675867505,-0.03976883271624675
CO:COLO205,0.1087014152066583,-0.12296309256631906,-0.20865543665941697,-0.16142186718629595,0.11757848600604222,-0.20797409236702552,-0.0076062639080000695,-0.14865671386247425,-0.13173207632670994,-0.2015631678266522,-0.0549220406661761,1.0,0.37638199878921225,0.06646298899536773,0.1431427007452943,0.2940755272484682,0.42525913369672413,0.22260267849827048,-0.002953592288510923,0.12404762836779418,0.08033117270113192,0.007527145536939274,0.11898683797792906,-0.03210883330024838,0.060894559302414906,-0.0449784718556875,-0.1380460383232279,-0.08138242366412535,-0.07114639871368615,-0.0706527740643997,-0.08508373019780031,-0.08555084450825277,-0.04741678040171672,-0.03834524890333052,0.031047362006461302,-0.04127062879822757,-0.08023714040121442,-0.1334652504973892,-0.12606355368204847,-0.09565836333468945,0.12165839201713388,-0.0016955915380292004,-0.17829764687123595,-0.014244736268519922,0.03872255694483858,-0.03488876556552857,0.005640046492459364,-0.1698465494156809,-0.10737422827235014,-0.12567518231904573,-0.0071173374310586675,-0.07930678530528026,-0.1133557764787567,-0.04745360032418994,-0.12583582399611148,0.016947209503036492,-0.19088649813949374,-0.1444991170478687,-0.08725299054440684,-0.16306381566116712
CO:HCC_2998,0.1437260257205618,-0.12227487081770579,-0.22293775768025187,-0.15467868316835212,0.0929098148799279,-0.20736870797093954,-0.05988075330176655,-0.17049892453732787,-0.17041540184533419,-0.21430338007310246,-0.14059673248290744,0.37638199878921225,1.0,0.2123036856736195,0.3760852461661679,0.36898151289845676,0.3698202165728851,0.21651988606434594,-0.050053788775928636,0.06244922779255415,0.061512446414391894,-0.04912905259138159,0.06954693027236293,0.03884218069658247,-0.0217497726922225,-0.031885175240567776,-0.10720155654291612,-0.09562655409430797,-0.10559626340277314,-0.05072096620877046,-0.07217934726870051,-0.10773625682023905,-0.053589101766771674,-0.07312703976574608,-0.0012428862411025432,0.00926231759767514,-0.09999198201285649,-0.14324279737077356,-0.12321480377208688,-0.02304507805706271,0.1271297884219833,0.025693146738704445,-0.07199111107419698,-0.008437010150895322,0.010959044633189896,-0.011530026118224426,0.0002205601820047201,-0.13346226549851442,-0.08715105416867273,-0.13164409714623737,0.009797224522300522,-0.02823778768462079,-0.10914193024331424,-0.044203101762979535,-0.09483625555500279,-0.10909921614098415,-0.21831668841133148,-0.16286134172617936,-0.04922135218044873,-0.11124281417445427
CO:HCT_116,0.12224136745366537,-0.06208205212283883,-0.1965578989611746,-0.13591948206768223,0.029176081109949695,-0.08281761359446269,-0.07622342544663661,-0.14174919043192255,-0.10763172276196689,-0.20979904576744335,-0.13116208934916354,0.06646298899536773,0.2123036856736195,1.0,0.37671572768911565,0.14045772409397345,0.19885677554784337,0.20050040813117823,-0.012948972284135976,0.0388094226968247,0.02786350178760507,0.029066224116214828,-0.022088246594458388,0.06603708916546466,0.03424828180844112,-0.04535267781130695,-0.0799277166724175,-0.06859744106709974,-0.11336764951870221,-0.0011974130579897263,-0.08634303135694286,-0.10930141474474778,-0.058864941156314,-0.09679735494555185,0.01231051613188049,-0.03115006093971116,-0.046801485455042,-0.14320059661866885,-0.1403838371257156,0.11673774407394698,0.02854952712156048,-0.0053180662362154575,0.01067325259317597,0.041265576332911745,-0.01595721296020105,-0.11033893920687395,0.07998918086876647,0.012792420976808919,0.009925482985445612,-0.06365926388648976,0.04032474486673999,0.06956172994063667,-0.034559782504842707,-0.11721623221027057,-0.07504003946974255,-0.0810627922853003,-0.2428063187347587,-0.06858787163541126,0.033533425136848434,-0.11434120160507685
CO:HCT_15,0.20494375346636554,-0.043356105412107375,-0.27593454946983104,-0.12473111033893622,0.11877338164881053,-0.011949703190625856,-0.11247202030126054,-0.1499118586330992,-0.07965440214670143,-0.18083745606101875,-0.20959125791536118,0.1431427007452943,0.3760852461661679,0.37671572768911565,1.0,0.3013071961885709,0.2442549291303984,0.261030104679033,0.07058823334869027,0.07854877081700531,-0.016783468440199064,0.09226466053525675,-0.016867743519892713,0.11292344538342222,-0.055948619142645005,-0.025038252262272357,-0.04144591761359425,-0.09446335445074605,-0.1406106279444703,-0.09075151404863127,-0.04631875311476056,-0.18450624743150557,-0.04408389186571736,-0.08450715698448528,-0.07793956205688535,-0.005772121170471457,-0.09068747105199432,-0.21306316950197776,-0.17230251052015766,0.06805154551903661,0.07270218334754454,0.005082078992966888,-0.017569517945003936,-0.04186926417288572,-0.031059581616022396,-0.05500996402224746,0.007917064350596508,-0.006632811477431563,0.06128512788856622,-0.16691542756515973,-0.02877365121545294,0.029099441170513933,-0.04030819287214446,-0.18472511539772357,-0.1553361427812547,-0.17284282823493674,-0.28284899898946037,-0.1281224906367901,0.007917243654946964,-0.15882647773985725
CO:HT29,0.11380253310840611,-0.048605236166242724,-0.20758640558472785,-0.14339638761990747,0.10922930933607408,-0.1689313858961296,-0.14029379220986074,-0.11551979091160201,-0.14277786463321396,-0.17829399737088564,-0.1526639280485552,0.2940755272484682,0.36898151289845676,0.14045772409397345,0.3013071961885709,1.0,0.2507157999258259,0.2264613379167797,-0.030701361272942575,0.02210267896176163,-0.018851004969835394,-0.009721967903227022,0.034965612814762494,0.024173908783844882,-0.0678734721809324,-0.11698649479453029,-0.0580478521117873,-0.1498430324296656,-0.14446281467362052,-0.14393345355830284,-0.09303200089428457,-0.22372683643662145,-0.08590001140799468,-0.10955461552806794,-0.010105900404079694,0.014987276144844722,-0.04394512167334891,-0.06195162790809212,-0.06695053221264102,-0.025851067020060344,0.17271753783902075,-0.04466552213719819,-0.09873047769823123,-0.03378199492951056,0.0033488225465586863,0.0400788435468748,0.17158642784388234,-0.11763367698255461,-0.010158284242828348,-0.13891518039602108,-0.04742620232213744,-0.03807485451973087,-0.07583390555223542,-0.036509611403928346,-0.056928913107632394,-0.04732981124297742,-0.04345196407948618,-0.11957039203345686,0.031245955430259344,-0.03368599269447259
CO:KM12,0.09590363361252964,-0.12309390284764811,-0.15463628381788988,-0.12233170279219593,0.062002137604895174,-0.1797374758999536,-0.09771147138567549,-0.1842701132469836,-0.1157305713948317,-0.1892520162521635,-0.0629983494627747,0.42525913369672413,0.3698202165728851,0.19885677554784337,0.2442549291303984,0.2507157999258259,1.0,0.20091698741124694,-0.012757021933129331,0.07359651754953936,0.04111731222261592,-0.004964570520863898,0.06227926208848101,-0.03716886648808755,-0.021251926962189707,-0.09715440602273052,-0.15732823102971208,-0.11668495493769375,-0.08597357831876862,-0.05556339875731219,-0.13954543676076883,-0.07890760298176669,-0.10356898223521424,-0.09456737387290115,0.031130073135358163,-0.04604810117614375,-0.09080078019986924,-0.11702115095482282,-0.13644099640115753,-0.07845206458944921,0.14161010302702734,0.023046401181189856,-0.12858317815608075,0.1121054222341508,0.03527543312906382,0.004661929452584967,0.017326277436511557,-0.11585998374673076,-0.0588036329254931,-0.045164276842942365,0.0417561466965797,-0.033736950186235765,-0.11057375132837612,-0.11075478976093438,-0.052766749836175665,-0.03337880349737047,-0.15950740700967322,-0.11611119999662484,-0.06147095431447532,-0.0797518139752765
CO:SW_620,0.0756912549351597,-0.10405064789955284,-0.23315224030217654,-0.12957836471007908,0.04012962580530903,-0.09885687429888954,-0.16873047388870913,-0.1834003062529423,-0.09265306209701663,-0.169923371857298,-0.07287170210495325,0.22260267849827048,0.21651988606434594,0.20050040813117823,0.261030104679033,0.2264613379167797,0.20091698741124694,1.0,0.1386883825477637,0.1521678327614433,0.0992833737046198,0.14136078188810544,0.07452998686126144,0.00953380237430273,-0.11396908699833716,-0.10468835367019767,-0.039550023541726445,-0.11243195609924167,-0.1606797558868912,-0.07106502266777885,-0.08927104810216806,-0.14194339478883738,-0.05633996613848179,-0.06571505344061805,0.03695303115231212,-0.02584434576413351,-0.06661399616483035,-0.11100825022517087,-0.162023592798623,-0.01923892372668385,0.015868422540042722,0.04717717986409637,0.038959493869142096,0.012664666220885024,-0.026846674714983955,-0.055678807643242754,0.06329471094743314,-0.021679864262069356,-0.06538474868616152,-0.042516135867537476,-0.044476112183454694,-0.034345238403124694,-0.14622806086359624,-0.1457277557377982,-0.03343597678176486,-0.15529765770637954,-0.1849354464307265,-0.090492144308395,-0.05849421422759665,-0.07003635173847182
LE:CCRF_CEM,0.06453395823116813,-0.034068421876615226,-0.1265330437682448,-0.034641333282650816,-0.05022258810084486,-0.015769403718195473,-0.11106479087956048,-0.11001484316976935,-0.023818668077480457,-0.07944399564180463,-0.09189402628683041,-0.002953592288510923,-0.050053788775928636,-0.012948972284135976,0.07058823334869027,-0.030701361272942575,-0.012757021933129331,0.1386883825477637,1.0,0.39960878908595593,0.20119893288344584,0.7615850017053611,0.18134010315814,0.18226649842122564,-0.07579189178681126,-0.07443059612386575,-0.06553521866747493,-0.08410483084246488,-0.10925720078629302,-0.11526642801632049,-0.047198693844895924,-0.13569366005487424,-0.06839521928703633,-0.06945253990315885,-0.090794773383473,-0.13843010087519228,-0.0730552623973505,-0.12898324281684828,-0.1718196962078729,0.030814279962244232,-0.0662969367942188,-0.011087470751606066,0.03795142796958573,-0.02103283016690075,-0.0422061688091038,-0.1125340212398082,-0.07248676637228832,-0.008501588595084649,-0.031565234592182606,-0.07683274754389625,-0.12490453775793735,-0.06997127130540293,-0.10817306663555953,-0.2160205556423828,-0.1360564773624203,-0.20661914340594542,-0.131327136032367,-0.0555126101013151,-0.09824239182597964,-0.14893737657820882
LE:HL_60,0.04577478401364822,-0.06307867896312369,-0.16967815644034825,-0.06241193311416938,-0.11154270427417244,-0.10733100010148394,-0.09460080817912664,-0.14817975985350618,-0.09804182681801137,-0.20206277522144703,-0.14420330540694234,0.12404762836779418,0.06244922779255415,0.0388094226968247,0.07854877081700531,0.02210267896176163,0.07359651754953936,0.1521678327614433,0.39960878908595593,1.0,0.3327162109438953,0.38823405367330704,0.31313912628328927,0.19562335519201293,0.03567698148515416,-0.09994911714668657,-0.07454307150622289,-0.03341594013626656,-0.059955363175310854,-0.041259112203026936,-0.04860087900824439,-0.054281782579162566,-0.029257500472415328,-0.030690717971168943,-0.10510599647120097,-0.15489288150107008,-0.09381663004960539,-0.1395256835634018,-0.1639081112334516,-0.05103425339868867,-0.1209029359064191,0.03548955679281911,-0.07303994421011202,0.019533096843141598,-0.01347151240687958,-0.09431000416578417,-0.1002667590549685,-0.032266556645939096,-0.12534548347178265,-0.06726243811160477,-0.09691853858031435,-0.12239942093667178,-0.07817242583481301,-0.19463960033511468,-0.14760027387495658,-0.16245397498507821,-0.16772528225766445,-0.05683228070815066,-0.0745488909694423,-0.16153822932034512
LE:K_562,0.05443862247747943,-0.04352201915612909,-0.12192041139252842,-0.04921068019356975,-0.02995731347806081,-0.15302606305102448,-0.04595940936555634,-0.1936672066187705,-0.10467829700182835,-0.2065740730632395,-0.030833641794350657,0.08033117270113192,0.061512446414391894,0.02786350178760507,-0.016783468440199064,-0.018851004969835394,0.04111731222261592,0.0992833737046198,0.20119893288344584,0.3327162109438953,1.0,0.20490341979176285,0.2262978921427741,0.08592840226005426,0.0035459177308450576,-0.13406165680415733,-0.13211136578823512,-0.03648779394047328,-0.08422267336612481,-0.026905517624977632,-0.04777651454271027,0.014961423361724442,-0.04759772421273634,-0.0244149998367547,-0.026053240578056257,-0.07820846071616046,-0.009288715361018385,-0.11952940609734335,-0.13903810962762175,-0.022817045546282468,-0.0998077591762313,0.02713608615060286,0.05374690423436343,0.06301757146747448,0.02429434318911904,-0.03475527067957526,-0.14107822133718464,-0.01953698875125117,-0.14012739359634932,0.02033562251132012,-0.06921235062416137,-0.05559567564519474,-0.09851962291824826,-0.0979225397628771,-0.13207020291990126,-0.07492053004602257,-0.13270683769772995,-0.015551486896804285,-0.10034160312112343,-0.19520034689491375
LE:MOLT_4,0.07230095367669186,-0.061558764309839434,-0.16614024969603358,-0.04937918859883489,-0.05405717546905066,-0.01342792344266222,-0.10050519440705523,-0.14057974616412122,-0.01468511449212686,-0.11481272225142528,-0.09456949819688866,0.007527145536939274,-0.04912905259138159,0.029066224116214828,0.09226466053525675,-0.009721967903227022,-0.004964570520863898,0.14136078188810544,0.7615850017053611,0.38823405367330704,0.20490341979176285,1.0,0.1891650798174373,0.18931042231960754,-0.07418460397348148,-0.07003666464078823,-0.07043233896589218,-0.06206606672166406,-0.10948862167663524,-0.08143719380188784,-0.058633305959953017,-0.12790527824385384,-0.061814461689549696,-0.07271373260520399,-0.0994285960148775,-0.17753269539361857,-0.06822342756895332,-0.15394797574654473,-0.18893043273446988,0.03245221395541341,-0.10656642490638975,-0.031675782390691916,0.06039816123979999,-0.0037325106697010456,-0.028330885993824318,-0.09467658377532655,-0.10155060405563628,0.007696649394309677,-0.03828673531380738,-0.04938526695870961,-0.1258717469269574,-0.07933625861407072,-0.10620026129872188,-0.2026220931192917,-0.13927126129688874,-0.1741824616704144,-0.1594999442676545,-0.056299187519253,-0.10617589089068107,-0.15270781551631601
LE:RPMI_8226,0.052903131070240694,-0.12455989749723173,-0.12473362933190794,-0.08663704421426406,-0.006967570207996141,-0.17037548153234897,-0.05904730865116745,-0.16919707778361195,-0.11503056964440811,-0.14922202992268555,-0.07752446977765251,0.11898683797792906,0.06954693027236293,-0.022088246594458388,-0.016867743519892713,0.034965612814762494,0.06227926208848101,0.07452998686126144,0.18134010315814,0.31313912628328927,0.2262978921427741,0.1891650798174373,1.0,0.13114551874959596,-0.024568642783334226,-0.08099361492612678,-0.06969957994364036,-0.05342824897378457,-0.055304512274797955,-0.0279155042564815,-0.02978250149393941,-0.0044088099544131185,0.0075357277388389725,0.012887068922760479,-0.05415627829942638,-0.10137368590495202,-0.11060612139391086,-0.09771581277049464,-0.09651099122574566,-0.08119343499884052,-0.06536858668075791,0.05573440162049561,-0.053294150486301824,0.03766112790389249,-0.01758129614691586,-0.0033737698467609573,-0.09569832610353438,-0.1255898143562054,-0.16091868270971826,-0.043923867968499314,-0.06856792912831604,-0.08597222403817203,-0.11775481437161088,-0.09552779617462206,-0.09916776460894697,-0.05133857899584196,-0.08568525275364373,-0.045043205575368304,-0.07012244566621557,-0.10907474374093853
LE:SR,-0.030433810599614766,-0.018807163363826873,-0.16876511651157486,-0.042262332366320585,-0.10173116502441673,0.02261107975522862,0.010112367137345674,-0.07646538947086753,-0.048677679466288995,-0.13361289557785178,-0.13047190089686578,-0.03210883330024838,0.03884218069658247,0.06603708916546466,0.11292344538342222,0.024173908783844882,-0.03716886648808755,0.00953380237430273,0.18226649842122564,0.19562335519201293,0.08592840226005426,0.18931042231960754,0.13114551874959596,1.0,0.16308332714389281,0.02174674964833492,0.05486365998149814,0.04199400298427764,-0.026674742668215165,-0.007896164786014946,0.020176085263248746,-0.02135483673408461,0.11815376963036359,0.07322372844861094,-0.17126613791683581,-0.12045587017856495,-0.07615540638145632,-0.10800463015362649,-0.11043326899526991,0.04045827593082359,-0.14349169923755084,-0.018741806598668455,-0.09601524893339768,-0.12088891945586636,-0.0967353547622437,-0.14064586419132347,-0.0790477429821233,-0.03755444968999098,-0.10695933537999071,-0.14612831506612267,-0.019604178511007816,-0.05939668556129194,0.007977627963700929,-0.10292201776532055,-0.14141415998889711,-0.1558454917061076,-0.13817990482668158,-0.04513138979797596,-0.004417072482286137,-0.14469792080308577
ME:LOXIMVI,-0.12093541441191215,0.02179161386397055,-0.0513376918005037,0.022863529028971746,-0.12847528382679002,0.11375398572401664,0.1722437464252393,0.04098001775687705,-0.0720606582323532,-0.13618593000042184,-0.10591539126183375,0.060894559302414906,-0.0217497726922225,0.03424828180844112,-0.055948619142645005,-0.0678734721809324,-0.021251926962189707,-0.11396908699833716,-0.07579189178681126,0.03567698148515416,0.0035459177308450576,-0.07418460397348148,-0.024568642783334226,0.16308332714389281,1.0,0.004861685170811985,-0.011485660308041734,0.1628729584623741,0.004198830371591602,0.04270701975616589,0.028280023837129298,0.13271732671682274,0.13878548585562428,0.1000635697905349,-0.10815112081736113,-0.12211704861074794,0.07577408712339873,-0.10723730820232057,0.10994127163855905,0.03207571003336017,-0.1085060422549961,-0.08492722012099374,-0.11175807929238918,-0.1672835046137033,-0.026246761695491214,-0.24042545663257175,-0.11686862885506429,0.01696282161975961,-0.12124350377283814,-0.035981693410012325,0.09636174889074578,-0.06083238102173416,0.06446783572961433,-0.03684790542809197,-0.08949727749131897,0.07190279808146365,-0.1773682113666845,0.10930521087435126,-0.0005979806261474869,-0.04336321769749804
ME:MALME_3M,-0.03788678863046597,-0.09400963156036965,-0.061750230819563115,-0.16130161131889004,-0.015186825779409156,-0.04869298408228718,0.004573893596469902,0.042753382716707575,-0.06804784958444828,0.09421555053752123,-0.11443724397942376,-0.0449784718556875,-0.031885175240567776,-0.04535267781130695,-0.025038252262272357,-0.11698649479453029,-0.09715440602273052,-0.10468835367019767,-0.07443059612386575,-0.09994911714668657,-0.13406165680415733,-0.07003666464078823,-0.08099361492612678,0.02174674964833492,0.004861685170811985,1.0,0.3604484828977774,0.27533195916730263,0.41180553554754756,0.27153139545237276,0.47721704187560543,0.22992741166026284,0.22681571917395452,0.19321862119870997,-0.15895274787795205,-0.00224501654291662,-0.11497800652544897,0.021607119214559604,-0.0471737188272996,0.02775744697377504,-0.10567363845175066,-0.04662086578443521,-0.06067564840176253,-0.15158629470654006,-0.11145826109569604,-0.10729457729025306,-0.11237510059335777,-0.19755008770191693,-0.14057723259163324,-0.18091788250798227,-0.03672799559276955,-0.0896619024500153,-0.13206144967686106,-0.08176029358363583,-0.02856582298963727,-0.09102167939354938,-0.11032894181225852,-0.1405188178418883,-0.13145638516613947,-0.08467599278066963
ME:M14,-0.11635366204840326,-0.0785731013701088,-0.013446754506379822,-0.057897751485192224,-0.10519395492021814,0.0349894450070608,0.00983153747340739,0.05007677620771145,0.007736258018897856,0.14192407805934273,-0.05726831922949748,-0.1380460383232279,-0.10720155654291612,-0.0799277166724175,-0.04144591761359425,-0.0580478521117873,-0.15732823102971208,-0.039550023541726445,-0.06553521866747493,-0.07454307150622289,-0.13211136578823512,-0.07043233896589218,-0.06969957994364036,0.05486365998149814,-0.011485660308041734,0.3604484828977774,1.0,0.25548961979035995,0.49240038176668965,0.1766575958461099,0.42267727211894146,0.2607896280442672,0.5315692864001427,0.49779748114918115,-0.19815099082848434,-0.07558556996336258,-0.14898923000815162,-0.06000679357425555,-0.06641642823873059,-0.07565090636128034,-0.18734990538102178,-0.08970532302994756,-0.09113691183202957,-0.17418002096035384,-0.19382730574410886,-0.10126954655176894,-0.09689898664145391,-0.12105508859026048,-0.09364139554889017,-0.1874960631904149,-0.0671010855770385,-0.17472256370831776,-0.11479452939223724,-0.0612927468828997,-0.11409154602502816,-0.1794566633622899,-0.0326869603264162,-0.08634807279755664,-0.0947012052601252,-0.0797902430007336
ME:SK_MEL_2,-0.08377917651424734,-0.03248363996568186,-0.08661404975558906,-0.0913990027371326,-0.08460453970981306,0.02065293391599449,0.03237858296566292,0.012139164930384897,-0.011839386698905935,0.007504670982729421,-0.05608715208699133,-0.08138242366412535,-0.09562655409430797,-0.06859744106709974,-0.09446335445074605,-0.1498430324296656,-0.11668495493769375,-0.11243195609924167,-0.08410483084246488,-0.03341594013626656,-0.03648779394047328,-0.06206606672166406,-0.05342824897378457,0.04199400298427764,0.1628729584623741,0.27533195916730263,0.25548961979035995,1.0,0.34087073413446545,0.18558726836929557,0.25623650872412584,0.29369256900045615,0.3397955822949484,0.3273170535407677,-0.1890853648268892,-0.15380997568070004,-0.038540981036242976,-0.031110511742584245,-0.07440306006376377,-0.019652703932468662,-0.11739454706721628,-0.07523217798302761,-0.06658248025233919,-0.16906368688824386,-0.02761327925168774,-0.10806412899691073,-0.11763050837181653,-0.07248236137352876,-0.1031808781315983,-0.10350224898251825,-0.010414243917954839,-0.14804994041209033,-0.03258524613812628,-0.08818208858108754,-0.15125729550168265,-0.1051457660339173,-0.14449889129008286,0.0023050777982040836,-0.0633681161996609,-0.10033582736019972
ME:SK_MEL_28,-0.17869774599856583,-0.1258212372036051,0.056068204765748204,-0.11980710340957501,-0.1572719079006526,-0.021984001505966765,-0.0036913446260728724,0.04696361298110953,-0.036813792703369055,0.0766732074749725,-0.0427388525250791,-0.07114639871368615,-0.10559626340277314,-0.11336764951870221,-0.1406106279444703,-0.14446281467362052,-0.08597357831876862,-0.1606797558868912,-0.10925720078629302,-0.059955363175310854,-0.08422267336612481,-0.10948862167663524,-0.055304512274797955,-0.026674742668215165,0.004198830371591602,0.41180553554754756,0.49240038176668965,0.34087073413446545,1.0,0.2996925940601973,0.5536292960953273,0.39801745821573425,0.3543734777884862,0.35780092934586727,-0.13685334072905672,-0.10141917906921005,-0.12720717880011156,-0.07809304896884768,-0.08387686718247184,-0.10839720257887062,-0.10915449270906097,-0.11796643552322282,-0.09727905015807586,-0.08993680105849283,-0.07138192095839138,-0.05930575521707751,-0.07098503572062512,-0.1539356903616228,-0.09763304791367537,-0.09761385164390772,-0.0786134196915999,-0.21818882915140592,-0.10380652600658298,-0.07185354672276953,-0.09916614719765447,-0.15233302048474376,0.010833478228031067,-0.09409687216474116,-0.09760152539537811,-0.06308536025678856
ME:SK_MEL_5,-0.03688074769339665,-0.15332892682128288,-0.057561861140812326,-0.1073978731368559,-0.06403640780486791,-0.05388724271159681,-0.07599358567862899,-0.07987922626422457,-0.09089655340222869,-0.09387600795446452,-0.11528908967910688,-0.0706527740643997,-0.05072096620877046,-0.0011974130579897263,-0.09075151404863127,-0.14393345355830284,-0.05556339875731219,-0.07106502266777885,-0.11526642801632049,-0.041259112203026936,-0.026905517624977632,-0.08143719380188784,-0.0279155042564815,-0.007896164786014946,0.04270701975616589,0.27153139545237276,0.1766575958461099,0.18558726836929557,0.2996925940601973,1.0,0.41095753710182076,0.25156891433163403,0.23436151933590652,0.24252061856929352,-0.027820788184176052,-0.0552178780797589,-0.09732786298147124,-0.06417281937295521,-0.07580249460606828,0.005416749520179821,-0.10786456439514466,0.008749228326437368,0.015840672795373625,-0.04333685760079593,-0.07943180497273951,-0.07470904541570615,-0.06340998609710854,0.03386091033950232,-0.1358811276791451,0.16841105247701654,-0.07255087263489413,-0.05413176343903732,-0.13792924380631028,-0.07476471537223613,-0.08592707564919497,-0.0838325384833246,-0.13828094762747428,-0.0638465608450893,-0.09568606464023613,-0.09400068787023098
ME:UACC_257,-0.0875070050341887,-0.16978412321745995,-0.06567553124186051,-0.13956647391302793,-0.06504130027445143,0.017822553133271236,-0.06562688888890042,-0.00828885868167984,-0.061911647641314155,0.0019144670165296004,-0.10194026422810291,-0.08508373019780031,-0.07217934726870051,-0.08634303135694286,-0.04631875311476056,-0.09303200089428457,-0.13954543676076883,-0.08927104810216806,-0.047198693844895924,-0.04860087900824439,-0.04777651454271027,-0.058633305959953017,-0.02978250149393941,0.020176085263248746,0.028280023837129298,0.47721704187560543,0.42267727211894146,0.25623650872412584,0.5536292960953273,0.41095753710182076,1.0,0.3519127818089768,0.3456966627457712,0.3352393073489121,-0.16813971092583133,-0.03426572388043971,-0.10809037805810605,-0.08973570714231131,-0.10480850234897456,-0.026038092772259356,-0.10546982727478764,-0.08427310818157925,-0.03058043529987144,-0.11436673774409302,-0.12947479695394534,-0.10527740746476345,-0.07129846641072309,-0.1277511340858826,-0.10754311695257135,-0.10564302119809638,-0.08934187686547787,-0.16589317931161532,-0.14259719451859432,-0.18313139285774202,-0.15468724634942227,-0.1892125850393857,-0.12364279799302355,-0.13114522842636983,-0.1279000356981789,-0.13549482983535935
