,A2058_SKIN ,A2780_OVARY ,A375_SKIN ,A427_LUNG ,CAOV3_OVARY ,COLO320_LARGE_INTESTINE ,EFM192A_BREAST ,ES2_OVARY ,HCT116_LARGE_INTESTINE ,HT144_SKIN ,HT29_LARGE_INTESTINE ,KPL1_BREAST ,LOVO_LARGE_INTESTINE ,MDAMB436_BREAST ,MSTO211H_PLEURA ,NCIH1650_LUNG ,NCIH2122_LUNG ,NCIH23_LUNG ,NCIH460_LUNG ,NCIH520_LUNG ,OV90_OVARY ,OVCAR4_OVARY ,RKO_LARGE_INTESTINE ,RPMI7951_SKIN ,SKMEL30_SKIN ,SKMES1_LUNG ,SKOV3_OVARY ,SW620_LARGE_INTESTINE ,SW837_LARGE_INTESTINE ,T47D_BREAST ,UACC62_SKIN ,VCAP_PROSTATE ,ZR751_BREAST ,DLD1_LARGE_INTESTINE ,PA1_OVARY 
A2058_SKIN ,1.0,0.8237846463869912,0.7539298423403747,0.8268132021735712,0.74194375040041,0.7136500503788606,0.6033174334154537,0.8436915765380113,0.7700627260496566,0.7946056762124415,0.5911000969748154,0.502291801350037,0.6362820983232285,0.712939504598163,0.7648442914635496,0.6340106814832934,0.6483963214695485,0.7142091683702293,0.7778554330543568,0.5689666218207444,0.586497300508448,0.7082685397119377,0.5875922399082114,0.7090722718245301,0.7548034642018882,0.7548267607848619,0.7435046214596474,0.6429565693451913,0.5996482215970973,0.60155854140094,0.7951182010378628,0.678635286169401,0.522280269541465,0.4731011828840005,0.548931560463369
A2780_OVARY ,0.8237846463869912,1.0,0.7552111544039278,0.8168888578267782,0.6943255348021828,0.8685257339879673,0.6197182278289332,0.8198708204474109,0.7863004443823203,0.708326781169372,0.6386543854516199,0.5849713743236711,0.7659042859888526,0.7074997524738059,0.7839824343764379,0.6057286297532309,0.688711058305523,0.7484318487585834,0.7705519542921042,0.6979714500375658,0.5726940750965352,0.734978072091276,0.658355610690802,0.6368645128975707,0.732625117210933,0.7064514062399897,0.6960145370677756,0.7048555903062919,0.5832707237665915,0.7025026354259489,0.697272552548355,0.8430509205062348,0.5857984030192371,0.508500340712526,0.6230962323601186
A375_SKIN ,0.7539298423403747,0.7552111544039278,1.0,0.7557819206867833,0.6966901379740127,0.7527533649002033,0.549770237450422,0.7313787500218405,0.6805921991391912,0.7921245901257433,0.6934189873557709,0.5858449961851845,0.7830389227660033,0.7140577405809003,0.7648559397550364,0.604820063017257,0.7238888985957984,0.6813027449198888,0.7712625000728018,0.6606270275307369,0.5535792287666207,0.6363985812380969,0.7463701011654116,0.649724226699049,0.6937780651023011,0.7132190635938473,0.6576334166186175,0.6883849061438914,0.57149430107339,0.5829795164794204,0.7965276443077711,0.7698647050943803,0.6812561517539415,0.5216163169267147,0.543025876679538
A427_LUNG ,0.8268132021735712,0.8168888578267782,0.7557819206867833,1.0,0.8164578710417649,0.7284433805671553,0.6593224188842102,0.7357002661634605,0.7649840709613918,0.7467661430759643,0.6597960960665373,0.5638064286920715,0.6832713061811658,0.7974944525011793,0.751483701128137,0.6888974309693126,0.6691186320246478,0.8133011840488297,0.8130798665105795,0.6151404492746027,0.5884658617697249,0.7739532554062633,0.634266943896004,0.7214893505495081,0.7759567615420008,0.8165161124991992,0.8050308970931689,0.706730965235674,0.6642612944746329,0.6330205767069115,0.7968537964694028,0.6974822217951182,0.5773184468168131,0.5359437154555355,0.530538908205639
CAOV3_OVARY ,0.74194375040041,0.6943255348021828,0.6966901379740127,0.8164578710417649,1.0,0.6769579321952952,0.784192103623201,0.6424090996453096,0.8284323146902428,0.6459734768402845,0.7725693585008748,0.6799631913989016,0.7207322116028632,0.8172033616969231,0.7084083192097799,0.8302610964536776,0.7466613084525827,0.8235633288487411,0.7983913709456666,0.6432361283408756,0.6991246308947635,0.8715193449000868,0.6040629240706119,0.6656940343275151,0.6795089080309146,0.8678617813732171,0.8329984449530865,0.804483427393287,0.7997775176326012,0.6900040186605629,0.671378400573096,0.6594389017990786,0.648885549711996,0.6722403741431225,0.5515640743393962
COLO320_LARGE_INTESTINE ,0.7136500503788606,0.8685257339879673,0.7527533649002033,0.7284433805671553,0.6769579321952952,1.0,0.6496543369501279,0.7483386624266886,0.7337317049021834,0.5792404149121427,0.7363488906457313,0.6775636433526112,0.864006196891071,0.685076791361627,0.7632251789468779,0.5688268423229023,0.7005690190391325,0.7469525157397539,0.753079517061835,0.7856481400590568,0.6400910896394272,0.7142441132446898,0.8050308970931689,0.527731669957309,0.6206034979819335,0.6608134001945265,0.5769573497807209,0.7550247817401383,0.6357462769148335,0.6509472973051678,0.6420363543177304,0.909283105900442,0.749060856498873,0.5872078462891456,0.6122050798199175
EFM192A_BREAST ,0.6033174334154537,0.6197182278289332,0.549770237450422,0.6593224188842102,0.784192103623201,0.6496543369501279,1.0,0.5403118247631029,0.7434580282937,0.44785933523200483,0.7624178429080922,0.7752112708868427,0.7070454691058189,0.5494440852887903,0.5817797424562752,0.8075352797628408,0.7148265278190321,0.791845031130059,0.695758274655065,0.5376676625955888,0.6332302459536747,0.7414778187409362,0.49511645379413977,0.42000827028695564,0.4808938898887006,0.6318324509752532,0.6404288900925457,0.8082341772520516,0.8161084222971595,0.788362191975492,0.5025247671797739,0.6233757913558029,0.6556299104828799,0.6671034775974234,0.40453933919242396
ES2_OVARY ,0.8436915765380113,0.8198708204474109,0.7313787500218405,0.7357002661634605,0.6424090996453096,0.7483386624266886,0.5403118247631029,1.0,0.7154205906848613,0.7191596922521389,0.5700108038242325,0.4984478651593777,0.7131957670108737,0.639124281446019,0.7941397445529677,0.5542082365069103,0.6173186797826429,0.6983791402396053,0.6900389635350235,0.5967477970168725,0.5032935544179058,0.6617918566794215,0.5876038881996983,0.6701553299669771,0.7512390870069132,0.6596252744628681,0.6349075999277806,0.6389845019481768,0.5022568564755765,0.5155359087705811,0.6970162901356444,0.6964455238527889,0.5047495908537615,0.4792281842060816,0.6105859673032458
HCT116_LARGE_INTESTINE ,0.7700627260496566,0.7863004443823203,0.6805921991391912,0.7649840709613918,0.8284323146902428,0.7337317049021834,0.7434580282937,0.7154205906848613,1.0,0.6312966295668583,0.7064825843004705,0.6317742095178189,0.713021042638571,0.745123733976319,0.7971915969225214,0.7663119761908922,0.6866260141293776,0.8553165714418838,0.8334294317380998,0.6516927879603259,0.6075923563911263,0.7958753399845078,0.5831891857261836,0.49168020780552013,0.6309471808222529,0.7560964245569282,0.7496898642391627,0.7355255417911578,0.7891426275051107,0.7227706626130612,0.6436904117088627,0.707418214433398,0.5893394836312383,0.7112970954985177,0.6410229529583749
HT144_SKIN ,0.7946056762124415,0.708326781169372,0.7921245901257433,0.7467661430759643,0.6459734768402845,0.5792404149121427,0.44785933523200483,0.7191596922521389,0.6312966295668583,1.0,0.5150015870865204,0.432553480218289,0.5530550556497126,0.6451697447276921,0.6406269110478221,0.5972137286763464,0.5481045317678029,0.6150822078171684,0.6494213711203909,0.4389949854105149,0.4963744692747191,0.6182039499356432,0.505168929347288,0.8068946237310642,0.810703615047263,0.700906819492251,0.7046342727680418,0.5456350939725916,0.4651337515069977,0.4872655053320054,0.8660446479012691,0.5779823994315634,0.4490358126721763,0.3870203087962073,0.48308376868822767
HT29_LARGE_INTESTINE ,0.5911000969748154,0.6386543854516199,0.6934189873557709,0.6597960960665373,0.7725693585008748,0.7363488906457313,0.7624178429080922,0.5700108038242325,0.7064825843004705,0.5150015870865204,1.0,0.8024298406834317,0.8550744473633871,0.6739138664606309,0.6921959131879658,0.7858892186045432,0.8052137904558643,0.7687195869536405,0.7427147004810218,0.6389572419122193,0.743233050961663,0.7324117566579395,0.7186900293277065,0.5849439569968629,0.5246988179884041,0.7258013319890879,0.6411180062753417,0.8789243936355873,0.8234608922069763,0.6868493318258462,0.5682460825249708,0.7379272387384702,0.7868094363117489,0.7796748369995523,0.5577043480310313
KPL1_BREAST ,0.502291801350037,0.5849713743236711,0.5858449961851845,0.5638064286920715,0.6799631913989016,0.6775636433526112,0.7752112708868427,0.4984478651593777,0.6317742095178189,0.432553480218289,0.8024298406834317,1.0,0.7478727307672147,0.5417329163244982,0.5736026418325092,0.7638192418127071,0.6290368610184102,0.7386705804926063,0.6474528098591139,0.5660661972405198,0.7377853103396059,0.7295732648413794,0.5536957116814891,0.4161410375133227,0.42692735543014226,0.572868799468838,0.5140099825858042,0.8413852148236157,0.7544540154572829,0.8092941717773545,0.4545338062539677,0.6670102912655286,0.7881991158946762,0.6205452565244993,0.39174951513986683
LOVO_LARGE_INTESTINE ,0.6362820983232285,0.7659042859888526,0.7830389227660033,0.6832713061811658,0.7207322116028632,0.864006196891071,0.7070454691058189,0.7131957670108737,0.713021042638571,0.5530550556497126,0.8550744473633871,0.7478727307672147,1.0,0.6649951368383042,0.7312273222325115,0.6237834815578425,0.8004414702473515,0.7379017932544744,0.7298178789626032,0.7580999306926657,0.6654610684977781,0.6975171666695787,0.7910645956004403,0.5481394766422635,0.5791006354143006,0.6661250211125284,0.577702840435879,0.8330217415360602,0.6899807220775893,0.6796719841117305,0.5711565006202716,0.857261836120187,0.8273373752904792,0.6696078602670953,0.5729736340922196
MDAMB436_BREAST ,0.712939504598163,0.7074997524738059,0.7140577405809003,0.7974944525011793,0.8172033616969231,0.685076791361627,0.5494440852887903,0.639124281446019,0.745123733976319,0.6451697447276921,0.6739138664606309,0.5417329163244982,0.6649951368383042,1.0,0.7322640201748408,0.698181119284329,0.6763755176209529,0.7233647254788904,0.7749317118911584,0.7262185568931677,0.6181457084782089,0.80380782648705,0.6615938357241452,0.6593690120501575,0.6566549601337224,0.8543264666655018,0.7741396280700529,0.6906330264008527,0.6624092161282243,0.5578075585763458,0.7377736620481191,0.6503765310223123,0.5873592740784745,0.5184246850593189,0.5608477626544127
MSTO211H_PLEURA ,0.7648442914635496,0.7839824343764379,0.7648559397550364,0.751483701128137,0.7084083192097799,0.7632251789468779,0.5817797424562752,0.7941397445529677,0.7971915969225214,0.6406269110478221,0.6921959131879658,0.5736026418325092,0.7312273222325115,0.7322640201748408,1.0,0.6317509129348453,0.6757348615891764,0.7353974105848025,0.8237613498040175,0.6786935276268353,0.6063110443275732,0.6893284177543259,0.681442524417731,0.579147228580248,0.65736550591442,0.7028520841705543,0.6720656497708198,0.7076278836801612,0.6386001083291108,0.5422803860243799,0.6575402302867227,0.719986720947705,0.5915293624307655,0.6277322523718833,0.6794157216990198
NCIH1650_LUNG ,0.6340106814832934,0.6057286297532309,0.604820063017257,0.6888974309693126,0.8302610964536776,0.5688268423229023,0.8075352797628408,0.5542082365069103,0.7663119761908922,0.5972137286763464,0.7858892186045432,0.7638192418127071,0.6237834815578425,0.698181119284329,0.6317509129348453,1.0,0.6658687586998177,0.8109948223344341,0.7501441476071498,0.5393799614441552,0.7045061415616864,0.8607330269832673,0.4732176657988689,0.5849713743236711,0.5780639374719713,0.7603596992411138,0.7429222068853051,0.8378790790860751,0.8260094700609788,0.7673486741332215,0.640254165720243,0.5622339093413473,0.6065673067402839,0.6796603358202435,0.4842835427113728
NCIH2122_LUNG ,0.6483963214695485,0.688711058305523,0.7238888985957984,0.6691186320246478,0.7466613084525827,0.7005690190391325,0.7148265278190321,0.6173186797826429,0.6866260141293776,0.5481045317678029,0.8052137904558643,0.6290368610184102,0.8004414702473515,0.6763755176209529,0.6757348615891764,0.6658687586998177,1.0,0.6543951915852743,0.802060582764023,0.6726830092196228,0.6871967804122331,0.6702252197158982,0.7018619793941724,0.5806498581820512,0.5504341900651722,0.7244130717127065,0.6815473590411126,0.7111922608751361,0.6626538302494481,0.5987745997355838,0.5758507620894705,0.7282104147374184,0.707348324684477,0.58338720668146,0.5278365045806906
NCIH23_LUNG ,0.7142091683702293,0.7484318487585834,0.6813027449198888,0.8133011840488297,0.8235633288487411,0.7469525157397539,0.791845031130059,0.6983791402396053,0.8553165714418838,0.6150822078171684,0.7687195869536405,0.7386705804926063,0.7379017932544744,0.7233647254788904,0.7353974105848025,0.8109948223344341,0.6543951915852743,1.0,0.7928700807809015,0.647895444935614,0.617237141742235,0.8105055940919865,0.5525192342413177,0.5403584179290503,0.6633410794471721,0.7461371353356746,0.6867541453357329,0.8318918572618361,0.8191369780837395,0.7410118870814624,0.6894798455436549,0.6735799276641099,0.6364218778210706,0.6914600550964187,0.5347439414323905
NCIH460_LUNG ,0.7778554330543568,0.7705519542921042,0.7712625000728018,0.8130798665105795,0.7983913709456666,0.753079517061835,0.695758274655065,0.6900389635350235,0.8334294317380998,0.6494213711203909,0.7427147004810218,0.6474528098591139,0.7298178789626032,0.7749317118911584,0.8237613498040175,0.7501441476071498,0.802060582764023,0.7928700807809015,1.0,0.7126250007280183,0.6947332250042225,0.7605460719049033,0.6499222476543253,0.5738239593707593,0.6653795304573702,0.8105871321323945,0.7898997664517556,0.7929749154042831,0.7724040326385128,0.6611744972306187,0.6861367858869301,0.705519542921042,0.6715647732368855,0.6021293076837955,0.6124263973581675
NCIH520_LUNG ,0.5689666218207444,0.6979714500375658,0.6606270275307369,0.6151404492746027,0.6432361283408756,0.7856481400590568,0.5376676625955888,0.5967477970168725,0.6516927879603259,0.4389949854105149,0.6389572419122193,0.5660661972405198,0.7580999306926657,0.7262185568931677,0.6786935276268353,0.5393799614441552,0.6726830092196228,0.647895444935614,0.7126250007280183,1.0,0.5445168579898544,0.6258568774425011,0.6521820162027735,0.44066069109313394,0.528267491365704,0.6483147834291405,0.573090117007088,0.6650650265872253,0.5588093116442145,0.5261242057321243,0.5323676899690738,0.7530911653533218,0.6717394976091882,0.478133244806318,0.4840505768816359
OV90_OVARY ,0.586497300508448,0.5726940750965352,0.5535792287666207,0.5884658617697249,0.6991246308947635,0.6400910896394272,0.6332302459536747,0.5032935544179058,0.6075923563911263,0.4963744692747191,0.743233050961663,0.7377853103396059,0.6654610684977781,0.6181457084782089,0.6063110443275732,0.7045061415616864,0.6871967804122331,0.617237141742235,0.6947332250042225,0.5445168579898544,1.0,0.7363875153611844,0.5932067164048713,0.5703178236332186,0.47440579153052725,0.6847273426170216,0.6315062988136215,0.724983837995562,0.6522984991176419,0.606252802870139,0.49779556083611437,0.6471150094059954,0.6397066960203612,0.5743131876132068,0.49100460689928305
OVCAR4_OVARY ,0.7082685397119377,0.734978072091276,0.6363985812380969,0.7739532554062633,0.8715193449000868,0.7142441132446898,0.7414778187409362,0.6617918566794215,0.7958753399845078,0.6182039499356432,0.7324117566579395,0.7295732648413794,0.6975171666695787,0.80380782648705,0.6893284177543259,0.8607330269832673,0.6702252197158982,0.8105055940919865,0.7605460719049033,0.6258568774425011,0.7363875153611844,1.0,0.5806848030565117,0.6596252744628681,0.6460433665892056,0.8393700603963914,0.7878496671500708,0.8153629316420014,0.7485017385075045,0.7265447090547994,0.6912503858496555,0.6837838310065871,0.6227700801984869,0.5998578908438604,0.5487451877995795
RKO_LARGE_INTESTINE ,0.5875922399082114,0.658355610690802,0.7463701011654116,0.634266943896004,0.6040629240706119,0.8050308970931689,0.49511645379413977,0.5876038881996983,0.5831891857261836,0.505168929347288,0.7186900293277065,0.5536957116814891,0.7910645956004403,0.6615938357241452,0.681442524417731,0.4732176657988689,0.7018619793941724,0.5525192342413177,0.6499222476543253,0.6521820162027735,0.5932067164048713,0.5806848030565117,1.0,0.5134625128859225,0.4498395447847687,0.5871379565402245,0.5026179535116687,0.6093861932801007,0.5463922329192366,0.5391236990314445,0.5655653207065854,0.8163879812928438,0.7823283769853057,0.5630609380369135,0.5839463246728286
RPMI7951_SKIN ,0.7090722718245301,0.6368645128975707,0.649724226699049,0.7214893505495081,0.6656940343275151,0.527731669957309,0.42000827028695564,0.6701553299669771,0.49168020780552013,0.8068946237310642,0.5849439569968629,0.4161410375133227,0.5481394766422635,0.6593690120501575,0.579147228580248,0.5849713743236711,0.5806498581820512,0.5403584179290503,0.5738239593707593,0.44066069109313394,0.5703178236332186,0.6596252744628681,0.5134625128859225,1.0,0.7291073331819056,0.7643434149296152,0.7220135236664162,0.5567242674680691,0.44412023366472725,0.399763539682817,0.75254369565344,0.5242837756772025,0.45861070827436384,0.3574220001281312,0.4659141870366164
SKMEL30_SKIN ,0.7548034642018882,0.732625117210933,0.6937780651023011,0.7759567615420008,0.6795089080309146,0.6206034979819335,0.4808938898887006,0.7512390870069132,0.6309471808222529,0.810703615047263,0.5246988179884041,0.42692735543014226,0.5791006354143006,0.6566549601337224,0.65736550591442,0.5780639374719713,0.5504341900651722,0.6633410794471721,0.6653795304573702,0.528267491365704,0.47440579153052725,0.6460433665892056,0.4498395447847687,0.7291073331819056,1.0,0.7296431545903005,0.7309943564027747,0.6174817558634588,0.47964752269960803,0.4652036412559188,0.7203361696923104,0.585134450404487,0.39416071147764403,0.4013011141590807,0.4775974233979231
SKMES1_LUNG ,0.7548267607848619,0.7064514062399897,0.7132190635938473,0.8165161124991992,0.8678617813732171,0.6608134001945265,0.6318324509752532,0.6596252744628681,0.7560964245569282,0.700906819492251,0.7258013319890879,0.572868799468838,0.6661250211125284,0.8543264666655018,0.7028520841705543,0.7603596992411138,0.7244130717127065,0.7461371353356746,0.8105871321323945,0.6483147834291405,0.6847273426170216,0.8393700603963914,0.5871379565402245,0.7643434149296152,0.7296431545903005,1.0,0.902853248999703,0.7413263909516071,0.7234113186448378,0.6045521523130595,0.7397189267264224,0.6540806877151294,0.5877669642805141,0.5633754419070582,0.5769922946551814
SKOV3_OVARY ,0.7435046214596474,0.6960145370677756,0.6576334166186175,0.8050308970931689,0.8329984449530865,0.5769573497807209,0.6404288900925457,0.6349075999277806,0.7496898642391627,0.7046342727680418,0.6411180062753417,0.5140099825858042,0.577702840435879,0.7741396280700529,0.6720656497708198,0.7429222068853051,0.6815473590411126,0.6867541453357329,0.7898997664517556,0.573090117007088,0.6315062988136215,0.7878496671500708,0.5026179535116687,0.7220135236664162,0.7309943564027747,0.902853248999703,1.0,0.6919842282133268,0.6390893365715584,0.6001490981310317,0.6878141398610359,0.5794617324503928,0.46570451778985317,0.5123559251946721,0.5302360526269809
SW620_LARGE_INTESTINE ,0.6429565693451913,0.7048555903062919,0.6883849061438914,0.706730965235674,0.804483427393287,0.7550247817401383,0.8082341772520516,0.6389845019481768,0.7355255417911578,0.5456350939725916,0.8789243936355873,0.8413852148236157,0.8330217415360602,0.6906330264008527,0.7076278836801612,0.8378790790860751,0.7111922608751361,0.8318918572618361,0.7929749154042831,0.6650650265872253,0.724983837995562,0.8153629316420014,0.6093861932801007,0.5567242674680691,0.6174817558634588,0.7413263909516071,0.6919842282133268,1.0,0.8383217141625752,0.7892125172540317,0.5880348749847116,0.7161893779229932,0.7274299792077997,0.7018969242686329,0.5442955404516042
SW837_LARGE_INTESTINE ,0.5996482215970973,0.5832707237665915,0.57149430107339,0.6642612944746329,0.7997775176326012,0.6357462769148335,0.8161084222971595,0.5022568564755765,0.7891426275051107,0.4651337515069977,0.8234608922069763,0.7544540154572829,0.6899807220775893,0.6624092161282243,0.6386001083291108,0.8260094700609788,0.6626538302494481,0.8191369780837395,0.7724040326385128,0.5588093116442145,0.6522984991176419,0.7485017385075045,0.5463922329192366,0.44412023366472725,0.47964752269960803,0.7234113186448378,0.6390893365715584,0.8383217141625752,1.0,0.7584610277287579,0.5494673818717639,0.6143833103279577,0.6903767639881421,0.7323921513811962,0.49787709887652226
T47D_BREAST ,0.60155854140094,0.7025026354259489,0.5829795164794204,0.6330205767069115,0.6900040186605629,0.6509472973051678,0.788362191975492,0.5155359087705811,0.7227706626130612,0.4872655053320054,0.6868493318258462,0.8092941717773545,0.6796719841117305,0.5578075585763458,0.5422803860243799,0.7673486741332215,0.5987745997355838,0.7410118870814624,0.6611744972306187,0.5261242057321243,0.606252802870139,0.7265447090547994,0.5391236990314445,0.399763539682817,0.4652036412559188,0.6045521523130595,0.6001490981310317,0.7892125172540317,0.7584610277287579,1.0,0.489269011467743,0.7068474481505426,0.6724966365558331,0.578459979382524,0.4207537609421138
UACC62_SKIN ,0.7951182010378628,0.697272552548355,0.7965276443077711,0.7968537964694028,0.671378400573096,0.6420363543177304,0.5025247671797739,0.6970162901356444,0.6436904117088627,0.8660446479012691,0.5682460825249708,0.4545338062539677,0.5711565006202716,0.7377736620481191,0.6575402302867227,0.640254165720243,0.5758507620894705,0.6894798455436549,0.6861367858869301,0.5323676899690738,0.49779556083611437,0.6912503858496555,0.5655653207065854,0.75254369565344,0.7203361696923104,0.7397189267264224,0.6878141398610359,0.5880348749847116,0.5494673818717639,0.489269011467743,1.0,0.5909236512734495,0.4913424073524016,0.4129261090629532,0.46789439658938026
VCAP_PROSTATE ,0.678635286169401,0.8430509205062348,0.7698647050943803,0.6974822217951182,0.6594389017990786,0.909283105900442,0.6233757913558029,0.6964455238527889,0.707418214433398,0.5779823994315634,0.7379272387384702,0.6670102912655286,0.857261836120187,0.6503765310223123,0.719986720947705,0.5622339093413473,0.7282104147374184,0.6735799276641099,0.705519542921042,0.7530911653533218,0.6471150094059954,0.6837838310065871,0.8163879812928438,0.5242837756772025,0.585134450404487,0.6540806877151294,0.5794617324503928,0.7161893779229932,0.6143833103279577,0.7068474481505426,0.5909236512734495,1.0,0.7674069155906558,0.6084776265441266,0.6039580894472303
ZR751_BREAST ,0.522280269541465,0.5857984030192371,0.6812561517539415,0.5773184468168131,0.648885549711996,0.749060856498873,0.6556299104828799,0.5047495908537615,0.5893394836312383,0.4490358126721763,0.7868094363117489,0.7881991158946762,0.8273373752904792,0.5873592740784745,0.5915293624307655,0.6065673067402839,0.707348324684477,0.6364218778210706,0.6715647732368855,0.6717394976091882,0.6397066960203612,0.6227700801984869,0.7823283769853057,0.45861070827436384,0.39416071147764403,0.5877669642805141,0.46570451778985317,0.7274299792077997,0.6903767639881421,0.6724966365558331,0.4913424073524016,0.7674069155906558,1.0,0.6124846388156017,0.4742543637411983
DLD1_LARGE_INTESTINE ,0.4731011828840005,0.508500340712526,0.5216163169267147,0.5359437154555355,0.6722403741431225,0.5872078462891456,0.6671034775974234,0.4792281842060816,0.7112970954985177,0.3870203087962073,0.7796748369995523,0.6205452565244993,0.6696078602670953,0.5184246850593189,0.6277322523718833,0.6796603358202435,0.58338720668146,0.6914600550964187,0.6021293076837955,0.478133244806318,0.5743131876132068,0.5998578908438604,0.5630609380369135,0.3574220001281312,0.4013011141590807,0.5633754419070582,0.5123559251946721,0.7018969242686329,0.7323921513811962,0.578459979382524,0.4129261090629532,0.6084776265441266,0.6124846388156017,1.0,0.7733358959574604
PA1_OVARY ,0.548931560463369,0.6230962323601186,0.543025876679538,0.530538908205639,0.5515640743393962,0.6122050798199175,0.40453933919242396,0.6105859673032458,0.6410229529583749,0.48308376868822767,0.5577043480310313,0.39174951513986683,0.5729736340922196,0.5608477626544127,0.6794157216990198,0.4842835427113728,0.5278365045806906,0.5347439414323905,0.6124263973581675,0.4840505768816359,0.49100460689928305,0.5487451877995795,0.5839463246728286,0.4659141870366164,0.4775974233979231,0.5769922946551814,0.5302360526269809,0.5442955404516042,0.49787709887652226,0.4207537609421138,0.46789439658938026,0.6039580894472303,0.4742543637411983,0.7733358959574604,1.0
